1257 1259 1
1259 99 1
99 101 1
101 103 1
103 1253 1
1253 1255 1
1255 105 1
105 107 1
107 109 1
109 1251 1
1251 111 1
111 113 1
113 115 1
115 117 1
117 1245 1
1245 1247 1
1247 119 1
119 121 1
121 125 1
125 1241 1
1241 131 1
131 127 1
127 129 1
129 197 1
197 221 1
221 1202 1
1202 1200 1
1200 1312 0
253 255 1
255 257 1
257 329 1
329 331 1
331 333 1
333 335 1
335 1343 1
1343 326 0
1434 1468 1
1468 1406 1
1406 1408 0
2200 456 1
456 458 1
458 460 1
460 462 1
462 1903 0
1901 1903 1
1903 1907 1
1907 1905 1
1905 1909 1
1909 1911 1
1911 1913 1
1913 1745 0
1739 1737 1
1737 1733 1
1733 1735 1
1735 559 1
559 2133 1
2133 653 1
653 655 1
655 657 1
657 659 1
659 2243 1
2243 2245 1
2245 2247 1
2247 661 1
661 663 1
663 665 1
665 667 1
667 2249 1
2249 2251 1
2251 2253 1
2253 669 1
669 671 1
