182.990702455 3237 5.0 307.776864997
0.00827564998342 3165 5.0 120.905878402
60.3758882527 3293 5.0 0.00827564998342
62.4842157431 3710 5.0 60.3758882527
43.6503129127 3124 5.0 82.1455244086
93.458173985 3801 5.0 45.1977151091
132.492739262 2909 5.0 14.5090761424
3.01165550017 3387 5.0 117.559876301
182.990702455 3237 5.0 307.776864997
67.3616733764 3392 5.0 251.193512993
45.5430868096 3400 5.0 87.1910129927
109.00497403 2901 5.0 45.5430868096
87.1910129927 2924 5.0 63.4618872207
48.2501110701 3817 5.0 0.663342400408
60.70631107 3818 5.0 48.2501110701
6.20575960314 3989 5.0 12.4561999999
182.990702455 3237 5.0 307.776864997
2.36513153595e-05 3123 5.0 82.1455244086
179.280896946 3143 5.0 2.36513153666e-05
143.67674076 3125 5.0 179.280896946
0.449479053208 3192 5.0 1.59924121591
84.1706664699 2892 5.0 0.449479053208
7.15116349463 3352 5.0 83.7211874167
0.449479053208 3192 5.0 0.102808296641
84.1706664699 2892 5.0 0.449479053208
7.15116349463 3352 5.0 83.7211874167
0.449479053208 3192 5.0 0.102808296641
84.1706664699 2892 5.0 0.449479053208
43.0701010368 3389 5.0 83.7211874167
38.0646099023 3911 5.0 4.51560255166
36.6095553861 3091 5.0 46.9870303926
52.9006737692 3749 5.0 116.366779644
57.8479838594 3814 5.0 71.7183401083
133.600293698 3813 5.0 57.8479838594
1.2400917915 3345 5.0 75.7523098383
43.6503129127 3124 5.0 82.1455244086
9.40215695142 3465 5.0 70.6498621385
36.6095553861 3091 5.0 46.9870303926
57.8479838594 3814 5.0 71.7183401083
215.879254526 2993 5.0 57.8479838594
60.7886380856 3344 5.0 158.031270666
145.352346461 3057 5.0 149.574180176
145.43869066 3741 5.0 85.0787718868
104.402841736 3250 5.0 149.574180176
87.1910129927 2924 5.0 203.31659825
102.810323292 3054 5.0 107.896130374
138.850752873 4065 5.0 79.2367698479
156.146241444 3817 5.0 36.0404295805
121.029305942 3766 5.0 179.280896946
214.68815545 3767 5.0 24.2934558034
191.343534171 3809 5.0 93.6588495082
43.6503129127 3124 5.0 82.1455244086
7.15116349463 3352 5.0 1.59924121591
149.574180176 3350 5.0 210.706453666
121.029305942 3766 5.0 179.280896946
214.68815545 3767 5.0 24.2934558034
261.426421354 3122 5.0 93.6588495082
145.352346461 3057 5.0 149.574180176
102.810323292 3054 5.0 107.896130374
138.850752873 4065 5.0 79.2367698479
57.8479838594 3814 5.0 71.7183401083
0.00827564998342 3165 5.0 120.905878402
43.6479366709 3926 5.0 0.00827564998342
2.14661574285 3709 5.0 43.6479366709
145.43869066 3741 5.0 23.5759999994
145.352346461 3057 5.0 149.574180176
104.402841736 3250 5.0 214.576538607
0.00827564998342 3165 5.0 120.905878402
43.6479366709 3926 5.0 0.00827564998342
2.14661574285 3709 5.0 43.6479366709
67.3616733764 3392 5.0 251.193512993
102.810323292 3054 5.0 107.896130374
138.850752873 4065 5.0 79.2367698479
0.00827564998342 3165 5.0 120.905878402
60.3758882527 3293 5.0 0.00827564998342
62.4842157431 3710 5.0 60.3758882527
57.8479838594 3814 5.0 71.7183401083
215.879254526 2993 5.0 57.8479838594
70.4782483168 3121 5.0 158.031270666
145.352346461 3057 5.0 149.574180176
121.029305942 3766 5.0 179.280896946
214.68815545 3767 5.0 24.2934558034
261.426421354 3122 5.0 93.6588495082
145.352346461 3057 5.0 149.574180176
48.2501110701 3817 5.0 0.663342400408
60.70631107 3818 5.0 48.2501110701
0.663342400408 3984 5.0 12.4561999999
60.70631107 3818 5.0 0.663342400408
106.12017267 3760 5.0 12.4561999999
121.029305942 3766 5.0 179.280896946
214.68815545 3767 5.0 24.2934558034
261.426421354 3122 5.0 93.6588495082
43.6479366709 3926 5.0 120.905878402
0.00827564998342 3165 5.0 0.981443855718
43.6479366709 3926 5.0 0.00827564998342
2.14661574285 3709 5.0 43.6479366709
67.3616733764 3392 5.0 251.193512993
57.8479838594 3814 5.0 71.7183401083
215.879254526 2993 5.0 57.8479838594
60.7886380856 3344 5.0 158.031270666
67.3616733764 3392 5.0 251.193512993
2.36513153595e-05 3123 5.0 82.1455244086
143.67674076 3125 5.0 2.36513153666e-05
82.1455244086 3122 5.0 45.1977151091
0.00827564998342 3165 5.0 120.905878402
60.3758882527 3293 5.0 0.00827564998342
62.4842157431 3710 5.0 60.3758882527
104.402841736 3250 5.0 149.574180176
4.83195131835e-05 3239 5.0 179.280896946
191.343534171 3809 5.0 4.83195131783e-05
179.280896946 3143 5.0 191.343534171
0.00827564998342 3165 5.0 120.905878402
2.36513153595e-05 3123 5.0 82.1455244086
67.3616733764 3392 5.0 251.193512993
48.2501110701 3817 5.0 3.02857737738
60.70631107 3818 5.0 48.2501110701
6.20575960314 3989 5.0 12.4561999999
66.6610151147 3396 5.0 120.905878402
0.00827564998342 3165 5.0 0.981443855718
43.6479366709 3926 5.0 4.88127274166
2.14661574285 3709 5.0 43.6479366709
67.3616733764 3392 5.0 251.193512993
145.352346461 3057 5.0 149.574180176
87.1910129927 2924 5.0 214.576538607
145.352346461 3057 5.0 149.574180176
2.36513153595e-05 3123 5.0 82.1455244086
179.280896946 3143 5.0 82.1455244086
179.280896946 3143 5.0 179.280896946
67.3616733764 3392 5.0 251.193512993
104.402841736 3250 5.0 149.574180176
48.2501110701 3817 5.0 3.02857737738
60.70631107 3818 5.0 48.2501110701
107.896130374 3816 5.0 -155.903563569
182.990702455 3237 5.0 307.776864997
67.3616733764 3392 5.0 251.193512993
48.2501110701 3817 5.0 3.02857737738
60.70631107 3818 5.0 48.2501110701
6.20575960314 3989 5.0 12.4561999999
67.3616733764 3392 5.0 251.193512993
43.6503129127 3124 5.0 82.1455244086
6.41112454076e-05 3550 5.0 45.1977151091
30.3955103036 3371 5.0 117.559876301
38.0646099023 3911 5.0 30.3955103036
1.50394705149 3527 5.0 38.0646099023
4.83195131835e-05 3239 5.0 179.280896946
191.343534171 3809 5.0 4.83195131783e-05
121.029305942 3766 5.0 191.343534171
214.68815545 3767 5.0 24.2934558034
191.343534171 3809 5.0 22.4106549935
121.029305942 3766 5.0 179.280896946
214.68815545 3767 5.0 24.2934558034
179.280896946 3143 5.0 22.4106549935
67.3616733764 3392 5.0 251.193512993
45.5430868096 3400 5.0 87.1910129927
109.00497403 2901 5.0 45.5430868096
87.1910129927 2924 5.0 67.3616733764
48.2501110701 3817 5.0 3.02857737738
60.70631107 3818 5.0 48.2501110701
107.896130374 3816 5.0 -155.903563569
43.6503129127 3124 5.0 82.1455244086
182.990702455 3237 5.0 307.776864997
121.029305942 3766 5.0 179.280896946
214.68815545 3767 5.0 24.2934558034
179.280896946 3143 5.0 22.4106549935
48.2501110701 3817 5.0 3.02857737738
60.70631107 3818 5.0 48.2501110701
6.20575960314 3989 5.0 12.4561999999
43.6503129127 3124 5.0 82.1455244086
182.990702455 3237 5.0 307.776864997
145.352346461 3057 5.0 149.574180176
4.83195131835e-05 3239 5.0 179.280896946
96.7358501386 3765 5.0 179.280896946
67.3616733764 3392 5.0 251.193512993
67.3616733764 3392 5.0 251.193512993
45.5430868096 3400 5.0 87.1910129927
182.990702455 3237 5.0 307.776864997
186.027063395 3207 5.0 191.343534171
67.3616733764 3392 5.0 251.193512993
109.00497403 2901 5.0 132.734099802
145.352346461 3057 5.0 149.574180176
102.810323292 3054 5.0 107.896130374
145.43869066 3741 5.0 240.249662547
182.990702455 3237 5.0 307.776864997
67.3616733764 3392 5.0 251.193512993
4.83195131835e-05 3239 5.0 179.280896946
2.36513153595e-05 3123 5.0 82.1455244086
104.402841736 3250 5.0 149.574180176
57.8479838594 3814 5.0 129.566323968
70.4782483168 3121 5.0 129.566323968
102.810323292 3054 5.0 107.896130374
149.574180176 3350 5.0 131.469714899
102.810323292 3054 5.0 107.896130374
145.43869066 3741 5.0 240.249662547
60.70631107 3818 5.0 48.9134534705
107.896130374 3816 5.0 205.059694914
182.990702455 3237 5.0 307.776864997
2.36513153595e-05 3123 5.0 82.1455244086
67.3616733764 3392 5.0 251.193512993
109.00497403 2901 5.0 132.734099802
104.402841736 3250 5.0 149.574180176
60.419258946 3058 5.0 203.31659825
43.6503129127 3124 5.0 82.1455244086
93.458173985 3801 5.0 104.904506361
100.026427848 3125 5.0 104.904506361
9.40215695142 3465 5.0 70.6498621385
36.6095553861 3091 5.0 61.9550655718
24.8737863385 3044 5.0 36.0404295805
23.5735534441 3055 5.0 210.706453666
182.990702455 3237 5.0 307.776864997
0.00827564998342 3165 5.0 120.905878402
145.43869066 3741 5.0 230.517462547
43.6503129127 3124 5.0 82.1455244086
92.3895950689 3507 5.0 129.658909782
9.40215695142 3465 5.0 70.6498621385
149.574180176 3350 5.0 210.706484747
43.6503129127 3124 5.0 82.1455244086
93.458173985 3801 5.0 104.904506361
6.41112454076e-05 3550 5.0 45.1977792204
0.449479053208 3192 5.0 1.59924121591
36.6095553861 3091 5.0 61.9550655718
23.5735534441 3055 5.0 210.706453666
4.83195131835e-05 3239 5.0 179.280896946
2.36513153595e-05 3123 5.0 82.1455244086
67.3616733764 3392 5.0 251.193512993
66.6610151147 3396 5.0 120.914154052
0.00827564998342 3165 5.0 0.981443855718
121.029305942 3766 5.0 179.280896946
60.70631107 3818 5.0 48.9134534705
67.3616733764 3392 5.0 251.193512993
145.43869066 3741 5.0 230.517462547
102.810323292 3054 5.0 107.896130374
57.8479838594 3814 5.0 129.566323968
0.00827564998342 3165 5.0 120.905878402
102.810323292 3054 5.0 107.896130374
4.83195131835e-05 3239 5.0 179.280896946
96.7358501386 3765 5.0 179.280896946
67.3616733764 3392 5.0 251.193512993
2.36513153595e-05 3123 5.0 82.1455244086
182.990702455 3237 5.0 307.776864997
2.36513153595e-05 3123 5.0 82.1455244086
57.8479838594 3814 5.0 129.566323968
145.43869066 3741 5.0 230.517462547
57.8479838594 3814 5.0 129.566323968
145.43869066 3741 5.0 230.517462547
102.810323292 3054 5.0 107.896130374
60.70631107 3818 5.0 48.9134534705
4.83195131835e-05 3239 5.0 179.280896946
191.343534171 3809 5.0 179.280896946
133.600293698 3813 5.0 71.7183401083
57.8479838594 3814 5.0 1.2400917915
57.8479838594 3814 5.0 1.2400917915
57.8479838594 3814 5.0 1.2400917915
45.5430868096 3400 5.0 251.193512993
108.559472774 3984 5.0 107.896130374
179.280896946 3143 5.0 82.1455244086
149.574180176 3350 5.0 149.574180176
0.981443855718 3936 5.0 120.905878402
149.574180176 3350 5.0 149.574180176
0.981443855718 3936 5.0 120.905878402
10.8993999995 3868 5.0 84.2738999994
45.5430868096 3400 5.0 228.445114877
45.5430868096 3400 5.0 87.1910129927
191.343534171 3809 5.0 307.776864997
179.280896946 3143 5.0 82.1455244086
0.981443855718 3936 5.0 120.905878402
149.574180176 3350 5.0 149.574180176
0.981443855718 3936 5.0 120.905878402
149.574180176 3350 5.0 149.574180176
191.343534171 3809 5.0 307.776864997
149.574180176 3350 5.0 149.574180176
0.663342400408 3984 5.0 0.663342400408
191.343534171 3809 5.0 179.280896946
133.600293698 3813 5.0 71.7183401083
59.0880756509 3345 5.0 57.8479838594
0.981443855718 3936 5.0 61.3573321084
179.280896946 3143 5.0 82.1455244086
133.600293698 3813 5.0 71.7183401083
191.343534171 3809 5.0 307.776864997
10.8993999995 3868 5.0 85.0787718868
108.559472774 3984 5.0 107.896130374
191.343534171 3809 5.0 307.776864997
133.600293698 3813 5.0 71.7183401083
10.8993999995 3868 5.0 85.0787718868
45.5430868096 3400 5.0 228.445114877
149.574180176 3350 5.0 149.574180176
133.600293698 3813 5.0 71.7183401083
10.8993999995 3868 5.0 85.0787718868
0.663342400408 3984 5.0 0.663342400408
191.343534171 3809 5.0 179.280896946
191.343534171 3809 5.0 179.280896946
10.8993999995 3868 5.0 85.0787718868
191.343534171 3809 5.0 307.776864997
108.559472774 3984 5.0 107.896130374
191.343534171 3809 5.0 179.280896946
191.343534171 3809 5.0 179.280896946
179.280896946 3143 5.0 82.1455244086
179.280896946 3143 5.0 82.1455244086
0.981443855718 3936 5.0 120.905878402
10.8993999995 3868 5.0 85.0787718868
108.559472774 3984 5.0 107.896130374
179.280896946 3143 5.0 82.1455244086
179.280896946 3143 5.0 82.1455244086
10.8993999995 3868 5.0 85.0787718868
149.574180176 3350 5.0 149.574180176
191.343534171 3809 5.0 307.776864997
0.981443855718 3936 5.0 120.905878402
149.574180176 3350 5.0 149.574180176
179.280896946 3143 5.0 82.1455244086
133.600293698 3813 5.0 71.7183401083
45.5430868096 3400 5.0 251.193512993
0.663342400408 3984 5.0 0.663342400408
191.343534171 3809 5.0 179.280896946
191.343534171 3809 5.0 179.280896946
133.600293698 3813 5.0 71.7183401083
59.0880756509 3345 5.0 57.8479838594
0.981443855718 3936 5.0 61.3573321084
191.343534171 3809 5.0 307.776864997
179.280896946 3143 5.0 82.1455244086
179.280896946 3143 5.0 82.1455244086
149.574180176 3350 5.0 149.574180176
0.981443855718 3936 5.0 120.905878402
10.8993999995 3868 5.0 84.2738999994
10.8993999995 3868 5.0 85.0787718868
108.559472774 3984 5.0 107.896130374
133.600293698 3813 5.0 71.7183401083
57.8479838594 3814 5.0 1.2400917915
0.663342400408 3984 5.0 0.663342400408
133.600293698 3813 5.0 71.7183401083
0.981443855718 3936 5.0 120.905878402
149.574180176 3350 5.0 149.574180176
179.280896946 3143 5.0 82.1455244086
133.600293698 3813 5.0 71.7183401083
59.0880756509 3345 5.0 57.8479838594
0.981443855718 3936 5.0 61.3573321084
149.574180176 3350 5.0 149.574180176
149.574180176 3350 5.0 149.574180176
191.343534171 3809 5.0 307.776864997
179.280896946 3143 5.0 82.1455244086
45.5430868096 3400 5.0 251.193512993
108.559472774 3984 5.0 107.896130374
191.343534171 3809 5.0 307.776864997
0.981443855718 3936 5.0 120.905878402
10.8993999995 3868 5.0 84.2738999994
149.574180176 3350 5.0 149.574180176
45.5430868096 3400 5.0 251.193512993
108.559472774 3984 5.0 107.896130374
191.343534171 3809 5.0 179.280896946
191.343534171 3809 5.0 179.280896946
133.600293698 3813 5.0 71.7183401083
108.559472774 3984 5.0 107.896130374
191.343534171 3809 5.0 307.776864997
149.574180176 3350 5.0 149.574180176
191.343534171 3809 5.0 179.280896946
108.559472774 3984 5.0 107.896130374
133.600293698 3813 5.0 71.7183401083
108.559472774 3984 5.0 107.896130374
179.280896946 3143 5.0 82.1455244086
10.8993999995 3868 5.0 85.0787718868
149.574180176 3350 5.0 149.574180176
191.343534171 3809 5.0 179.280896946
133.600293698 3813 5.0 71.7183401083
45.5430868096 3400 5.0 251.193512993
45.5430868096 3400 5.0 87.1910129927
149.574180176 3350 5.0 149.574180176
191.343534171 3809 5.0 179.280896946
45.5430868096 3400 5.0 251.193512993
0.663342400408 3984 5.0 0.663342400408
0.981443855718 3936 5.0 120.905878402
149.574180176 3350 5.0 149.574180176
191.343534171 3809 5.0 307.776864997
179.280896946 3143 5.0 82.1455244086
133.600293698 3813 5.0 71.7183401083
108.559472774 3984 5.0 107.896130374
10.8993999995 3868 5.0 85.0787718868
133.600293698 3813 5.0 71.7183401083
10.8993999995 3868 5.0 85.0787718868
191.343534171 3809 5.0 307.776864997
0.663342400408 3984 5.0 0.663342400408
179.280896946 3143 5.0 82.1455244086
133.600293698 3813 5.0 71.7183401083
133.600293698 3813 5.0 71.7183401083
149.574180176 3350 5.0 149.574180176
191.343534171 3809 5.0 307.776864997
179.280896946 3143 5.0 82.1455244086
133.600293698 3813 5.0 71.7183401083
145.43869066 3741 5.0 220.785262546
163.724539211 3044 5.0 107.896161455
113.518334886 3560 5.0 124.684978128
4.83195131835e-05 3239 5.0 179.280945265
57.8479838594 3814 5.0 129.566323968
0.00827564998342 3165 5.0 120.914154052
60.3758882527 3293 5.0 17.7176710875
0.00827564998342 3165 5.0 0.989719505702
145.43869066 3741 5.0 220.785262546
67.3616733764 3392 5.0 296.736599803
163.724539211 3044 5.0 107.896161455
66.6610151147 3396 5.0 120.914154052
145.43869066 3741 5.0 220.785262546
104.402841736 3250 5.0 203.31659825
60.70631107 3818 5.0 48.9134534705
107.896130374 3816 5.0 108.559472774
104.402841736 3250 5.0 203.31659825
143.67674076 3125 4.97666277803 82.1455480599
132.492739262 2909 4.88172409515 101.804100295
4.83195131835e-05 3239 4.99556781522 179.280945265
96.7358501386 3765 3.74668794117 179.280945265
104.402841736 3250 7.27335992369 203.31659825
48.2501110701 3817 6.83769431737 48.9134534705
182.990702455 3237 4.99139905267 352.778245096
186.027063395 3207 4.97616425543 236.34491427
57.8479838594 3814 4.93048782577 129.566323968
145.352346461 3057 4.63189792868 203.31659825
60.70631107 3818 4.66935259712 48.9134534705
182.990702455 3237 7.48279810533 161.434710925
57.8479838594 3814 5.92478981974 127.086140385
145.352346461 3057 5.31299034519 53.7424180743
143.676804871 3550 4.97666277803 82.1455480599
145.43869066 3741 5.01233920097 220.785262546
145.352346461 3057 4.83478073734 203.31659825
87.1910129927 2924 8.04752739896 268.318956681
65.0023584306 4068 11.0098589904 203.31659825
214.68815545 3767 4.96888370404 179.280945265
191.343534171 3809 13.9450152236 300.310251207
43.6503129127 3124 11.7392325752 82.1455480599
182.990702455 3237 4.99139905267 352.778245096
57.8479838594 3814 4.95374749258 129.566323968
66.6610151147 3396 14.6680355196 120.914154052
102.810323292 3054 11.4873872411 107.896161455
2.36513153595e-05 3123 5.0125242505 82.1455480599
43.6503129127 3124 4.01002176552 82.1455480599
0.0088398041531 3098 4.17129756476 116.375619448
57.8479838594 3814 5.01001911248 129.566323968
60.70631107 3818 4.62851672754 48.9134534705
143.67674076 3125 5.0 82.1455480599
3.01165550017 3387 5.0 120.571531801
9.40215695142 3465 5.0 76.1722422419
214.68815545 3767 5.0 179.280945265
43.6479366709 3926 5.0 120.914154052
145.352346461 3057 5.0 203.31659825
87.1910129927 2924 5.0 268.318956681
138.850752873 4065 5.0 107.896161455
10.8993999995 3868 5.0 85.0787718868
108.559472774 3984 5.0 107.896130374
133.600293698 3813 5.0 71.7183401083
57.8479838594 3814 5.0 1.2400917915
10.8993999995 3868 5.0 85.0787718868
45.5430868096 3400 5.0 228.445114877
45.5430868096 3400 5.0 87.1910129927
191.343534171 3809 5.0 179.280896946
149.574180176 3350 5.0 149.574180176
4.83195131835e-05 3239 5.0 179.280945265
57.8479838594 3814 5.0 129.566323968
104.402841736 3250 5.0 203.31659825
60.70631107 3818 5.0 48.9134534705
2.36513153595e-05 3123 5.0 82.1455480599
163.724539211 3044 5.0 107.896161455
60.70631107 3818 5.0 48.9134534705
2.36513153595e-05 3123 5.0 82.1455480599
214.68815545 3767 5.0 179.280945265
57.8479838594 3814 5.0 129.566323968
60.70631107 3818 5.0 48.9134534705
2.36513153595e-05 3123 5.0 82.1455480599
145.352346461 3057 5.0 203.31659825
104.402841736 3250 5.0 268.318956681
60.419258946 3058 5.0 257.059016325
60.70631107 3818 5.0 48.9134534705
121.029305942 3766 5.0 179.280945265
65.0023584306 4068 5.0 203.31659825
57.8479838594 3814 5.0 129.566323968
104.402841736 3250 5.0 209.993439122
143.67674076 3125 5.0 82.1455480599
57.8479838594 3814 5.0 129.566323968
70.4782483168 3121 5.0 59.0880756509
60.70631107 3818 5.0 61.3696534704
214.68815545 3767 5.0 179.280945265
143.67674076 3125 5.0 82.1455480599
92.3895950689 3507 5.0 129.658909782
65.0023584306 4068 5.0 209.993439122
138.850752873 4065 5.0 107.896161455
214.68815545 3767 5.0 179.280945265
58.1826277767 3395 5.0 120.914154052
11.8745033362 3542 5.0 55.5224400071
104.402841736 3250 5.0 209.993439122
214.68815545 3767 5.0 179.280945265
3.10814346278e-05 3561 5.0 107.896161455
58.1826277767 3395 5.0 120.914154052
214.68815545 3767 5.0 179.280945265
67.3616733764 3392 5.0 318.55518637
65.0023584306 4068 5.0 209.993439122
214.68815545 3767 5.0 179.280945265
138.850752873 4065 5.0 107.896161455
57.8479838594 3814 5.0 129.566323968
104.402841736 3250 5.0 209.993439122
214.68815545 3767 5.0 179.280945265
214.68815545 3767 5.0 179.280945265
55.5224400071 3542 5.0 120.914154052
67.3616733764 3392 5.0 318.55518637
45.5430868096 3400 5.0 132.734099802
60.70631107 3818 5.0 61.3696534704
143.67674076 3125 5.0 82.1455480599
143.676804871 3550 5.0 82.1455480599
92.3895950689 3507 5.0 129.658909782
60.70631107 3818 5.0 61.3696534704
57.8479838594 3814 5.0 129.566323968
57.8479838594 3814 5.0 129.566323968
55.5224400071 3542 5.0 120.914154052
57.8479838594 3814 5.0 129.566323968
58.1826277767 3395 5.0 120.914154052
65.0023584306 4068 5.0 209.993439122
57.8479838594 3814 5.0 129.566323968
58.1826277767 3395 5.0 120.914154052
214.68815545 3767 5.0 179.280945265
55.5224400071 3542 5.0 120.914154052
58.1826277767 3395 5.0 0.989719505702
65.0023584306 4068 5.0 209.993439122
138.850752873 4065 5.0 107.896161455
214.68815545 3767 5.0 179.280945265
0.00827564998342 3165 5.0 120.914154052
104.402841736 3250 5.0 209.993439122
60.70631107 3818 5.0 61.3696534704
179.280945265 3239 5.0 82.1455480599
179.280945265 3239 5.0 82.1455480599
57.8479838594 3814 5.0 129.566323968
58.1826277767 3395 5.0 120.914154052
214.68815545 3767 5.0 179.280945265
2.36513153595e-05 3123 5.0 82.1455480599
55.5224400071 3542 5.0 120.914154052
67.3616733764 3392 5.0 318.55518637
60.70631107 3818 5.0 61.3696534704
143.67674076 3125 5.0 82.1455480599
57.8479838594 3814 5.0 129.566323968
104.402841736 3250 5.0 209.993439122
60.419258946 3058 5.0 263.735857196
138.850752873 4065 5.0 107.896161455
236.34491427 3230 5.0 179.280945265
104.402841736 3250 5.0 209.993439122
214.68815545 3767 5.0 179.280945265
2.36513153595e-05 3123 5.0 82.1455480599
4.83195131551e-05 3239 5.0 179.280945265
57.8479838594 3814 5.0 129.566323968
143.67674076 3125 5.0 82.1455480599
2.36513153595e-05 3123 5.0 82.1455480599
214.68815545 3767 5.0 179.280945265
57.8479838594 3814 5.0 129.566323968
70.4782483168 3121 5.0 71.7183401083
57.8479838594 3814 5.0 129.566323968
138.850752873 4065 5.0 107.896161455
60.70631107 3818 5.0 61.3696534704
107.896161455 3561 5.0 61.3696534704
131.469683818 3055 5.0 61.3696534704
214.68815545 3767 5.0 179.280945265
57.8479838594 3814 5.0 129.566323968
55.5224400071 3542 5.0 120.914154052
60.3758882527 3293 5.0 53.4939074558
4.83195131551e-05 3239 5.0 179.280945265
57.8479838594 3814 5.0 129.566323968
70.4782483168 3121 5.0 71.7183401083
138.850752873 4065 5.0 107.896161455
143.67674076 3125 5.0 82.1455480599
94.1752493551 3504 5.0 129.658909782
20.8260009087 3094 5.0 52.8449961222
0.0088398041531 3098 5.0 116.375619448
260.80383674 3774 5.0 179.280945265
57.8479838594 3814 5.0 129.566323968
67.3616733764 3392 5.0 296.736599803
45.5430868096 3400 5.0 132.734099802
65.0023584306 4068 5.0 203.31659825
138.850752873 4065 5.0 107.896161455
4.83195131551e-05 3239 5.0 179.280945265
66.6610151147 3396 5.0 120.914154052
65.0023584306 4068 5.0 203.31659825
60.70631107 3818 5.0 48.9134534705
71.2094110703 3584 5.0 97.1635645406
57.8479838594 3814 5.0 129.566323968
0.00827564998342 3165 5.0 120.914154052
219.316633707 4064 5.0 107.896161455
107.896161455 3561 5.0 48.9134534705
4.83195131551e-05 3239 5.0 179.280945265
0.00827564998342 3165 5.0 120.914154052
260.80383674 3774 5.0 179.280945265
143.67674076 3125 5.0 82.1455480599
143.67674076 3125 5.0 82.1455480599
0.210797435262 3471 5.0 116.375619448
0.0088398041531 3098 5.0 113.52717469
128.477530261 3469 5.0 60.914215919
23.5735534441 3055 5.0 210.706484747
57.8479838594 3814 5.0 129.566323968
70.4782483168 3121 5.0 59.0880756509
65.0023584306 4068 5.0 203.31659825
60.70631107 3818 5.0 48.9134534705
2.36513153595e-05 3123 5.0 82.1455480599
66.6610151147 3396 5.0 120.914154052
60.3758882527 3293 5.0 44.2608048768
57.8479838594 3814 5.0 129.566323968
43.6479366709 3926 5.0 120.914154052
60.3758882527 3293 5.0 44.2608048768
260.80383674 3774 5.0 179.280945265
2.36513153595e-05 3123 5.0 82.1455480599
65.0023584306 4068 5.0 203.31659825
0.00827564998342 3165 5.0 120.914154052
214.576538607 4068 5.0 107.896161455
53.7424180743 3249 5.0 263.735857196
60.70631107 3818 5.0 48.9134534705
143.67674076 3125 5.0 82.1455480599
94.1752493551 3504 5.0 129.658909782
57.8479838594 3814 5.0 129.566323968
143.67674076 3125 5.0 82.1455480599
94.1752493551 3504 5.0 129.658909782
80.4658808339 4064 5.0 60.914215919
260.80383674 3774 5.0 179.280945265
143.67674076 3125 5.0 82.1455480599
0.449479053208 3192 5.0 2.04872026912
260.80383674 3774 5.0 179.280945265
260.80383674 3774 5.0 179.280945265
0.00827564998342 3165 5.0 120.914154052
57.8479838594 3814 5.0 129.566323968
66.6610151147 3396 5.0 120.914154052
138.850752873 4065 5.0 107.896161455
60.70631107 3818 5.0 48.9134534705
260.80383674 3774 5.0 179.280945265
65.0023584306 4068 5.0 203.31659825
66.6610151147 3396 5.0 120.914154052
67.3616733764 3392 5.0 296.736599803
45.5430868096 3400 5.0 132.734099802
57.8479838594 3814 5.0 129.566323968
70.4782483168 3121 5.0 13.8703562489
57.8479838594 3814 5.0 59.0880756509
2.36513153595e-05 3123 5.0 82.1455480599
57.8479838594 3814 5.0 129.566323968
236.34491427 3230 5.0 179.280945265
57.8479838594 3814 5.0 129.566323968
67.3616733764 3392 5.0 251.193512993
65.0023584306 4068 5.0 149.574180176
102.810323292 3054 5.0 107.896130374
557.10582213 2971 5.0 161.760994998
12.6765999999 3900 5.0 10.8993999995
43.6503129127 3124 5.0 82.1455244086
48.3134787403 3534 5.0 46.9870303926
0.0088398041531 3098 5.0 116.366779644
166.419008655 3749 5.0 91.632524076
43.6503129127 3124 5.0 82.1455244086
148.97457324 3740 5.0 129.658909782
256.427008842 3220 5.0 179.280945265
57.8479838594 3814 5.0 129.566323968
145.43869066 3741 5.0 94.9077333846
57.8479838594 3814 5.0 129.566323968
72.5303640237 3540 5.0 120.905878402
1.78631574303 2891 5.0 0.981443855718
145.352346461 3057 5.0 149.574180176
0.00827564998342 3165 5.0 120.905878402
60.3758882527 3293 5.0 44.2690805268
2.14661574285 3709 5.0 0.981443855718
72.9954052341 3391 5.0 251.193512993
102.810323292 3054 5.0 107.896130374
295.037165194 2889 5.0 307.776864997
57.8479838594 3814 5.0 129.566323968
70.4782483168 3121 5.0 71.7183401083
72.9954052341 3391 5.0 251.193512993
214.68815545 3767 5.0 179.280896946
133.600293698 3813 5.0 129.566323968
70.4782483168 3121 5.0 71.7183401083
145.43869066 3741 5.0 94.9077333846
319.822884891 2966 5.0 307.776864997
194.366210211 3203 5.0 191.343534171
43.6503129127 3124 5.0 82.1455244086
57.8479838594 3814 5.0 129.566323968
48.2501110701 3817 5.0 48.9134534705
57.8479838594 3814 5.0 129.566323968
188.373649523 3322 5.0 120.914154052
471.159542422 3388 5.0 159.48861934
48.2501110701 3817 5.0 48.9134534705
145.43869066 3741 5.0 94.9077333846
43.6503129127 3124 5.0 82.1455244086
93.458173985 3801 5.0 113.324609079
38.0646099023 3911 5.0 117.559876301
36.6095553861 3091 5.0 46.9870303926
203.31659825 3249 5.0 210.706453666
145.352346461 3057 5.0 149.574180176
102.810323292 3054 5.0 107.896130374
319.822923251 3485 5.0 490.767567452
214.68815545 3767 5.0 179.280896946
72.9954052341 3391 5.0 251.193512993
164.0025 3976 5.0 154.552686369
102.810323292 3054 5.0 107.896130374
145.43869066 3741 5.0 94.9077333846
3.10814346136e-05 3561 5.0 107.896130374
214.68815545 3767 5.0 179.280896946
301.222343478 3217 5.0 300.310202888
57.8479838594 3814 5.0 129.566323968
138.850752873 4065 5.0 107.896130374
66.6610151147 3396 5.0 120.905878402
1.78631574303 2891 5.0 0.981443855718
214.68815545 3767 5.0 179.280896946
57.8479838594 3814 5.0 129.566323968
70.4782483168 3121 5.0 71.7183401083
57.8479838594 3814 5.0 59.0880756509
72.9954052341 3391 5.0 251.193512993
164.0025 3976 5.0 154.552686369
145.352346461 3057 5.0 149.574180176
72.5303640237 3540 5.0 120.905878402
1.78631574303 2891 5.0 0.981443855718
214.68815545 3767 5.0 179.280896946
2.36513153737e-05 3123 5.0 82.1455244086
200.612392877 3251 5.0 149.574180176
151.175081504 3307 5.0 122.447029816
65.6746929587 3477 5.0 92.7546779664
156.192039133 3598 5.0 221.735266488
69.7474395594 4024 5.0 59.6593517854
100.183614504 4018 5.0 92.8236002957
100.834633833 4024 5.0 136.960517923
72.5303640237 3540 5.0 120.905878402
74.1082046935 4051 5.0 67.8022078563
1.78631574303 2891 5.0 0.981443855718
43.6503129127 3124 5.0 82.1455244086
132.492739262 2909 5.0 147.001815404
24.8737863385 3044 5.0 36.0404295805
72.9954052341 3391 5.0 251.193512993
48.2501110701 3817 5.0 48.9134534705
214.68815545 3767 5.0 179.280896946
1011.91284481 2968 5.0 312.372864781
72.5303640237 3540 5.0 120.905878402
60.3758882527 3293 5.0 60.9887564586
2.14661574285 3709 5.0 0.981443855718
57.8479838594 3814 5.0 129.566323968
70.4782483168 3121 5.0 71.7183401083
145.43869066 3741 5.0 94.9077333846
48.2501110701 3817 5.0 48.9134534705
72.9954052341 3391 5.0 251.193512993
164.0025 3976 5.0 154.552686369
295.037165194 2889 5.0 307.776864997
57.8479838594 3814 5.0 129.566323968
72.9954052341 3391 5.0 251.193512993
164.0025 3976 5.0 154.552686369
145.43869066 3741 5.0 94.9077333846
145.352346461 3057 5.0 149.574180176
138.850752873 4065 5.0 107.896130374
57.8479838594 3814 5.0 129.566323968
